5GB 30

10 - 
30 45 37 
50 19 59
100 11 3
150 8 0
200 7 3
300 11 21
400 13 37
500 8 4
600 8 1
700 3 29
800 3 2 

-
37 25
23 54
13 17
7 55
11 25
7 42
5 11
3 51
11 11
3 18
10 19

6 22
7 44
8 46
11 47
13 11
14 13
17 45
21 4

5GB 30

10 6
7 6
3 54
11 31
14 31

5 37
4 43
3 32
18 13
3 20

H

8 37
10 38
13 4

10GB 30

9 11
7 3
14 56
15 3
6 13

8 40
12 50
6 53
5 21
5 2

10 37
13 30
14 51
18 26
23 8

15GB 30

13 54
23 9
13 24
8 8
8 35

13 6
13 41
21 53
8 41
8 59

16 21
21 26
23 47
34 37
42 21

20GB 30

17 12
12 47
12 48
14 52
18 54

28 34
25 12
21 6
18 57
19 46

HADOOP 

27 42
32 16
42 19
52 33
69 5


50 C0RE

4 55
3 27
5 26
4 44
8 38

5 31
3 37
2 49
3 2
13 45

6 53
8 56
5 6
4 37
4 37

8 53
8 27
5 25
4 34
4 50

4 37
8 52
7 38
6 47
12 16

6 10
10 0
7 44
7 12
6 15

6 59
15 8
10 19
10 30
-

14 10
24 2
21 5
17 29
51 53
15 56






30 CORE NEW

5GB

4 41
5 56
3 25
3 51
4 0

5 45
3 52
3 49
12 36
3 40

6 27
7 41
8 50
10 12
13 56


10 GB

6 44
7 22
20 12
9 10
5 43

10 41
7 18
6 32
8 11
5 43

10 21
14 14
15 37
17 56
23 5





















