5GB

6 34
6 8
12 15
13 21
5 23

7 13
10 37
6 4
5 50
-

10GB

12 20
18 54
9 42
10 25
9 17

12 21
11 4
9 25
16 53
15 56

15GB

17 52
16 2
18 55
14 48
13 21

18 43
15 35
14 47
16 16
18 32

20GB

24 7
22 7
21 54
19 27
22 59

25 46
20 42
21 18
30 1
20 25



HADOOP 50

5GB 50 100 200

27 28
28 41
34 36

10 GB

48 17
52 10
59 31

15 GB

74 39
77 54
90 12

20 GB

98 34
104 33
125 8


100 OBJ

5GB

6 49
-
-
6 24
16 47

7 28
6 58
6 39
6 46
11 44


10 GB


12 31
11 28
12 11
11 31
14 38

21 55
11 54
11 38
10 46
11 9

15 GB

17 51
18 27
19 48
20 22
17 22

18 35
18 22
16 50
17 37
17 46

20 GB

24 39
26 46
23 59
25 16
25 24

25 40
23 27
23 23
26 48
26 26









